image_width: 640
image_height: 480
camera_name: hd_cam_4
camera_matrix:
  rows: 3
  cols: 3
  data: [663.6819848398601, 0, 311.3683571374333, 0, 668.0876482133148, 247.6870976808922, 0, 0, 1]
distortion_model: plumb_bob
distortion_coefficients:
  rows: 1
  cols: 5
  data: [0.06737699296822244, -0.2087473845463828, 0.004425439170236267, -0.006216963415165898, 0]
rectification_matrix:
  rows: 3
  cols: 3
  data: [1, 0, 0, 0, 1, 0, 0, 0, 1]
projection_matrix:
  rows: 3
  cols: 4
  data: [666.6129760742188, 0, 308.254309282418, 0, 0, 673.6856689453125, 249.1197859369131, 0, 0, 0, 1, 0]
